545406490
542138565
569469780
548309808
501328220
567312219
509829634
553530057
567384871
545288596
565658992
595047668
554656404
554943403
535946193
500034930
544660381
533995562
534115897
502981519
500370161
568485890
548425186
543885803
536765502
533601042
561525529
1020004741
560958047
569442797
561130398
504492406
557795759
595590095
538442480
548836629
543263403
566601460
504414639
596909908
563031198
540489070
530909311
501482978
569645268
565104035
501225144
564159163
555689291
567044098
507335372
500662119
582029744
546560959
509209325
564968685
561038035
566006076
597427768
566004426
540816934
549596736
567426727
549222006
581711404
541870866
550557008
540793250
550009282
549618803
531803333
545010414
565282622
546557343
544848504
548814812
500923045
564645898
544513899
565484557
533042046
502335936
534873492
563133659
537298798
531513668
555675909
564416442
536429717
599779386
561266937
549946952
551813734
553559327
559580680
510034556
538999061
553842573
543401628
557783199
580002360
549016099
548189099
556325130
549030558
548775701
582759534
553537376
534773774
566514449
544987143
536885324
541473208
566177578
lazizSalmanJoe13
546652352
541755909
569290595
562521071
561549243
534212799
504653459
565510368
534345754
565481416
593619361
568016833
536067257
565533936
536875939
532028827
500724879
533638802
565119139
506107214
554648262
540769935
593665692
561013167
558746728
537356384
