581112247
542414905
563133659
546021615
501328220
548814812
533638802
541870866
560958047
564666091
543401628
553537376
565510368
541633642
501084510
549609996
535946193
553530057
534773774
545406490
560540124
540509480
568070340
568631426
563983093
566177578
560925114
501225144
533042046
502335936
559580680
551813734
545288596
538264586
544660381
504492406
561549243
567044098
593619361
540769935
596909908
595476209
543004436
550557008
566004426
549618803
562521071
575876460
563934136
565119139
500923045
552420764
536912761
565282622
564645898
544848504
566514449
549946952
599447757
565484557
554943403
543885803
569447603
555675909
507047048
542329715
534873492
504775707
547506074
540489070
553842573
541755909
500370161
546560959
569718821
536765502
566994523
545478023
594113757
567384871
545010414
534212799
564159163
565658992
561130398
548175659
501085341
553402804
544123051
553537376
565658992
544660381
536765502
595476209
554943403
565484557
500370161
534773774
533042046
542329715
562521071
500923045
549609996
509829634
533638802
545478023
545010414
501084510
536912761
500034930
540769935
507047048
s
541870866
569718821
563983093
543885803
568631426
553530057
560958047
553402804
565282622
548175659
594113757
545288596
561549243
534873492
563133659
504775707
538264586
500724879
567384871
566177578
565510368
553842573
546021615
566514449
546560959
504492406
543401628
549618803
564666091
581112247
535946193
597997821
541755909
545406490
563934136
552420764
568070340
534212799
566994523
501328220
564645898
559580680
566004426
540489070
596909908
565119139
501225144
564159163
575876460
555675909
544848504
551813734
540509480
501085341
502335936
560925114
550557008
593619361
599447757
549946952
541633642
543004436
547506074
542414905
